Phone snapshot survey. Save unchanged. No nature assets imported.
Island_2 centre=(660.00, 0.00, 81.00) maxRadius=358
Terrain samples x,z,height:
440,-120,-17.74137
460,-120,-15.74567
480,-120,-14.06847
500,-120,-13.28137
520,-120,-13.06378
540,-120,-12.61549
560,-120,-12.05449
580,-120,-11.91047
600,-120,-11.58453
620,-120,-11.34954
640,-120,-11.0164
660,-120,-9.933986
680,-120,-7.765667
700,-120,-4.900049
720,-120,-2.148463
740,-120,-0.8868937
760,-120,-1.408696
780,-120,-4.145701
800,-120,-8.528974
820,-120,-10.73556
840,-120,-10.34082
860,-120,-7.927923
880,-120,-4.262603
440,-100,-11.94855
460,-100,-11.96155
480,-100,-12.01449
500,-100,-12.32272
520,-100,-12.78912
540,-100,-12.96983
560,-100,-12.34179
580,-100,-11.98065
600,-100,-11.53361
620,-100,-10.71165
640,-100,-10.16205
660,-100,-10.2503
680,-100,-9.387248
700,-100,-8.282389
720,-100,-6.343184
740,-100,-3.383986
760,-100,-0.7457224
780,-100,-1.210252
800,-100,-3.452363
820,-100,-7.783853
840,-100,-9.988976
860,-100,-8.978251
880,-100,-4.730626
440,-80,-9.528662
460,-80,-11.50894
480,-80,-11.94438
500,-80,-12.26871
520,-80,-13.95738
540,-80,-15.29943
560,-80,-14.81263
580,-80,-12.56297
600,-80,-11.91576
620,-80,-10.90881
640,-80,-9.053011
660,-80,-8.831507
680,-80,-9.134377
700,-80,-9.532681
720,-80,-9.331992
740,-80,-8.286442
760,-80,-5.255211
780,-80,-2.034868
800,-80,-1.253791
820,-80,-2.786675
840,-80,-6.868203
860,-80,-8.248272
880,-80,-7.016304
440,-60,-0.541395
460,-60,-6.866067
480,-60,-11.36401
500,-60,-12.09695
520,-60,-16.28345
540,-60,-20.5416
560,-60,-20.57394
580,-60,-16.38312
600,-60,-12.13512
620,-60,-11.53648
640,-60,-9.596758
660,-60,-7.097638
680,-60,-7.610339
700,-60,-9.116351
720,-60,-10.18803
740,-60,-10.33617
760,-60,-9.695438
780,-60,-6.770083
800,-60,-3.046357
820,-60,-1.471982
840,-60,-2.584715
860,-60,-5.928954
880,-60,-7.633644
440,-40,4.662397
460,-40,1.444362
480,-40,-2.250461
500,-40,-10.52332
520,-40,-12.50064
540,-40,-19.0495
560,-40,-21.25829
580,-40,-17.42857
600,-40,-12.62883
620,-40,-11.76357
640,-40,-10.26092
660,-40,-6.995632
680,-40,-5.925353
700,-40,-6.000898
720,-40,-8.152263
740,-40,-10.35604
760,-40,-10.69083
780,-40,-10.11303
800,-40,-6.91714
820,-40,-3.681777
840,-40,-1.045895
860,-40,-1.724322
880,-40,-3.880222
440,-20,23.06972
460,-20,14.97308
480,-20,7.401907
500,-20,0.16468
520,-20,-7.988139
540,-20,-11.73297
560,-20,-11.96383
580,-20,-11.97111
600,-20,-11.67612
620,-20,-10.83017
640,-20,-8.8813
660,-20,-6.34173
680,-20,-4.661663
700,-20,-5.223455
720,-20,-5.939947
740,-20,-6.953835
760,-20,-9.455356
780,-20,-10.34529
800,-20,-9.846389
820,-20,-7.573361
840,-20,-3.041649
860,-20,0.07691864
880,-20,-0.3966006
440,0,38.70883
460,0,39.28728
480,0,39.46138
500,0,13.74354
520,0,1.306185
540,0,-0.8175454
560,0,-4.00646
580,0,-5.045846
600,0,-4.389896
620,0,-3.806787
640,0,-2.28673
660,0,-1.725812
680,0,-2.08748
700,0,-2.859671
720,0,-1.548494
740,0,-2.11144
760,0,-2.70746
780,0,-6.102954
800,0,-7.783697
820,0,-7.416478
840,0,-5.298326
860,0,-1.70595
880,0,0.1813174
440,20,7.985934
460,20,23.67158
480,20,31.51504
500,20,23.14774
520,20,7.395303
540,20,5.21156
560,20,2.739955
580,20,1.885713
600,20,1.554836
620,20,1.691361
640,20,1.220839
660,20,1.201273
680,20,0.7326415
700,20,-0.02092507
720,20,-0.1878279
740,20,0.1200345
760,20,0.2781804
780,20,-0.2377492
800,20,-0.5063774
820,20,-1.517219
840,20,-0.9835287
860,20,-0.2558353
880,20,1.260325
440,40,0.02721013
460,40,5.621119
480,40,7.573342
500,40,7.515512
520,40,7.419933
540,40,7.397831
560,40,7.397349
580,40,7.398738
600,40,6.578533
620,40,6.719572
640,40,6.755385
660,40,5.959705
680,40,6.184288
700,40,4.529725
720,40,3.494596
740,40,6.642592
760,40,5.892875
780,40,3.951817
800,40,2.858902
820,40,2.808377
840,40,3.339811
860,40,3.370674
880,40,5.575615
440,60,-6.104458
460,60,-1.451711
480,60,1.052197
500,60,6.656657
520,60,7.376747
540,60,7.496278
560,60,7.372476
580,60,7.393453
600,60,7.381389
620,60,7.394843
640,60,7.398337
660,60,7.39195
680,60,7.387356
700,60,7.374259
720,60,7.402138
740,60,7.157403
760,60,7.267833
780,60,7.173238
800,60,7.402768
820,60,7.469555
840,60,7.551276
860,60,7.491313
880,60,7.389499
440,80,-11.9651
460,80,-10.59524
480,80,-4.223559
500,80,0.8304431
520,80,6.194208
540,80,7.390658
560,80,7.500967
580,80,7.397605
600,80,7.584386
620,80,7.402177
640,80,7.395271
660,80,7.511507
680,80,7.432184
700,80,7.635194
720,80,7.714667
740,80,7.476768
760,80,7.521667
780,80,7.437936
800,80,7.362536
820,80,6.896002
840,80,7.400348
860,80,7.594909
880,80,7.46132
440,100,-27.85971
460,100,-15.26706
480,100,-11.69532
500,100,-5.056617
520,100,0.670636
540,100,7.230445
560,100,7.795902
580,100,7.707158
600,100,7.591769
620,100,7.395249
640,100,7.402251
660,100,7.425486
680,100,7.444701
700,100,7.65251
720,100,7.658754
740,100,7.647464
760,100,7.704581
780,100,7.416005
800,100,7.326891
820,100,5.793768
840,100,4.412945
860,100,4.835965
880,100,1.901638
440,120,-75.68092
460,120,-43.89573
480,120,-18.76295
500,120,-11.53403
520,120,-3.409189
540,120,1.418392
560,120,7.71571
580,120,23.66364
600,120,23.48204
620,120,7.609594
640,120,7.388746
660,120,7.551271
680,120,7.481515
700,120,7.500419
720,120,7.586972
740,120,7.610426
760,120,7.537446
780,120,7.402595
800,120,7.089014
820,120,4.569279
840,120,3.115705
860,120,0.6289884
880,120,-0.295905
440,140,-146.0294
460,140,-98.75452
480,140,-48.71193
500,140,-15.37858
520,140,-10.11011
540,140,-0.7311451
560,140,4.522833
580,140,7.844572
600,140,23.56401
620,140,23.12023
640,140,7.712649
660,140,7.372187
680,140,7.379077
700,140,7.401317
720,140,7.568529
740,140,16.77548
760,140,7.577826
780,140,7.384694
800,140,3.250539
820,140,0.9971511
840,140,0.04797815
860,140,-0.5341417
880,140,-1.40863
440,160,-177.1709
460,160,-161.6867
480,160,-105.6823
500,160,-41.82655
520,160,-11.99644
540,160,-5.735157
560,160,0.06316367
580,160,7.03079
600,160,7.733611
620,160,23.05974
640,160,14.88758
660,160,7.416719
680,160,7.853008
700,160,23.54013
720,160,23.91977
740,160,3.240005
760,160,-0.401108
780,160,-3.779113
800,160,-7.167247
820,160,-9.053472
840,160,-10.23285
860,160,-11.03133
880,160,-11.12003
440,180,-178.3069
460,180,-179.9879
480,180,-161.8769
500,180,-104.3571
520,180,-35.33015
540,180,-11.77654
560,180,-5.008422
580,180,-0.1809765
600,180,3.711097
620,180,7.516599
640,180,7.444608
660,180,7.550596
680,180,23.59208
700,180,39.55997
720,180,24.74427
740,180,2.787725
760,180,-4.510828
780,180,-11.89548
800,180,-29.16338
820,180,-47.28861
840,180,-55.36275
860,180,-59.77294
880,180,-64.12706
440,200,-168.9763
460,200,-174.6151
480,200,-172.6124
500,200,-155.3944
520,200,-106.462
540,200,-40.53539
560,200,-11.9505
580,200,-9.845925
600,200,-4.18782
620,200,-1.386289
640,200,-0.04004121
660,200,1.26797
680,200,7.396538
700,200,23.40798
720,200,23.50275
740,200,7.432162
760,200,0.1857464
780,200,-10.28033
800,200,-32.06431
820,200,-92.22419
840,200,-135.1802
860,200,-157.1183
880,200,-168.4393
440,220,-63.78659
460,220,-94.94276
480,220,-125.8334
500,220,-144.9214
520,220,-140.2932
540,220,-106.4056
560,220,-56.35275
580,220,-22.28562
600,220,-12.43249
620,220,-12.03624
640,220,-11.80429
660,220,-11.83427
680,220,-11.78113
700,220,-10.72701
720,220,-4.780292
740,220,0.1767561
760,220,0.1634496
780,220,-3.63651
800,220,-12.57601
820,220,-18.38154
840,220,-40.90322
860,220,-145.5624
880,220,-180.0047
440,240,-11.80957
460,240,-13.94448
480,240,-32.31908
500,240,-73.80553
520,240,-108.4281
540,240,-114.8614
560,240,-98.5116
580,240,-74.11903
600,240,-59.49898
620,240,-59.03579
640,240,-70.66958
660,240,-90.74588
680,240,-112.6296
700,240,-123.7246
720,240,-108.8441
740,240,-62.09842
760,240,-19.7585
780,240,-13.74741
800,240,-11.73395
820,240,1.338714
840,240,2.874427
860,240,-9.341828
880,240,-65.36967
440,260,-7.953401
460,260,-9.497387
480,260,-10.74273
500,260,-13.02216
520,260,-46.27393
540,260,-83.49416
560,260,-92.09587
580,260,-89.63236
600,260,-95.05713
620,260,-116.2169
640,260,-147.2207
660,260,-173.4186
680,260,-179.9014
700,260,-180.0267
720,260,-179.9703
740,260,-180.1795
760,260,-113.8011
780,260,-6.56117
800,260,3.995953
820,260,7.711809
840,260,7.297337
860,260,-0.3201944
880,260,-11.98625
440,280,-9.253644
460,280,-8.049525
480,280,-7.613544
500,280,-8.474778
520,280,-11.47869
540,280,-26.30708
560,280,-63.25691
580,280,-79.69653
600,280,-97.32153
620,280,-137.6194
640,280,-176.1296
660,280,-180.0046
680,280,-179.8694
700,280,-180.0461
720,280,-179.9657
740,280,-179.9458
760,280,-179.9905
780,280,-92.88037
800,280,-11.31698
820,280,-2.42258
840,280,-1.803312
860,280,-8.690805
880,280,-19.98233
